9.796031594149946213e+09
7.264656529261113167e+09
8.692737116948190689e+09
5.641248914694094658e+09
7.206353191313091278e+09
8.260318792688729286e+09
6.049344912983040810e+09
5.130173928355706215e+09
5.903386814184191704e+09
5.348563936029365540e+09
4.859809039204913139e+09
4.586071639211350441e+09
4.134804188185696125e+09
4.313550292848650932e+09
3.448091491140225410e+09
3.697009471638438225e+09
4.414830104909177780e+09
3.059410598427299023e+09
4.497767325013557434e+09
3.758328158873688698e+09
3.296791908225152016e+09
2.399489110923960686e+09
3.009137412618457317e+09
2.994286828072094440e+09
2.639418656439919949e+09
2.542880376248214245e+09
2.648424363544035435e+09
2.524167405459396362e+09
2.690135826260265827e+09
2.643114402695347309e+09
2.329517982545886517e+09
2.450466184954570293e+09
1.519782022887748003e+09
1.425998994953565121e+09
1.591321433017528057e+09
1.648335610920298100e+09
1.316513414504362822e+09
1.353832841734915018e+09
1.240736614328850508e+09
8.316124517853761911e+08
1.098907102320163250e+09
7.284171157077817917e+08
7.581559889275306463e+08
8.473943793992773294e+08
7.220849563670488596e+08
8.529505158703645468e+08
6.643265088987705708e+08
5.933061880494529009e+08
7.038374230028153658e+08
5.799790637765053511e+08
