1.000000000000000000e+00
1.034482758620689724e+00
1.068965517241379226e+00
1.103448275862068950e+00
1.137931034482758674e+00
1.172413793103448398e+00
1.206896551724137900e+00
1.241379310344827624e+00
1.275862068965517349e+00
1.310344827586206851e+00
1.344827586206896575e+00
1.379310344827586299e+00
1.413793103448275801e+00
1.448275862068965525e+00
1.482758620689655249e+00
1.517241379310344751e+00
1.551724137931034475e+00
1.586206896551724199e+00
1.620689655172413701e+00
1.655172413793103425e+00
1.689655172413793149e+00
1.724137931034482651e+00
1.758620689655172376e+00
1.793103448275862100e+00
1.827586206896551602e+00
1.862068965517241326e+00
1.896551724137931050e+00
1.931034482758620552e+00
1.965517241379310276e+00
2.000000000000000000e+00
2.000000000000000000e+00
2.105263157894736725e+00
2.210526315789473450e+00
2.315789473684210620e+00
2.421052631578947345e+00
2.526315789473684070e+00
2.631578947368421240e+00
2.736842105263157965e+00
2.842105263157894690e+00
2.947368421052631415e+00
3.052631578947368141e+00
3.157894736842105310e+00
3.263157894736842035e+00
3.368421052631578760e+00
3.473684210526315930e+00
3.578947368421052655e+00
3.684210526315789380e+00
3.789473684210526105e+00
3.894736842105262831e+00
4.000000000000000000e+00
